<Environment>
  <camtrans>-0.717526 -1.360319 1.647468</camtrans>
  <camrotaxis>0.995684 -0.055990 -0.074015 76.4</camrotaxis>

  <Robot name="Puma" file="robots/puma.robot.xml">
    <RotationAxis>0 0 1 180</RotationAxis>
    <translation>-0.8 0 0</translation>
  </Robot>

  <KinBody name="table">
    <RotationAxis>1 0 0 90</RotationAxis>
    <Body type="static">
      <Geom type="box">
        <extents>0.5 0.05 1</extents>
        <translation>0 0.95 0</translation>
      </Geom>
    </Body>
  </KinBody>
  <KinBody name="floor">
    <RotationAxis>1 0 0 90</RotationAxis>
    <Body type="static">
      <Translation>0 -0.015 0</Translation>
      <Geom type="box">
        <extents>4 0.005 4</extents>
        <diffuseColor>.3 1 .3</diffuseColor>
      	<ambientColor>0.3 1 0.3</ambientColor>
      </Geom>
    </Body>
  </KinBody>

  <KinBody name="srcpeg">
    <translation>0.00564 0 1.13164</translation>
    <RotationAxis>1 0 0 -90</RotationAxis>
    <rotationmat>0.79128  -0.52192   0.31855 0.48416   0.85300   0.19491  -0.37345   0.00000   0.92765</rotationmat>
    <RotationAxis>1 0 0 90</RotationAxis>
    <Body type="dynamic">
      <Geom type="box">
        <RotationAxis>1 0 0 90</RotationAxis>
        <extents>0.05 0.0025 0.05</extents>
        <translation>0 0 -0.002</translation>
        <diffusecolor>1 0 0</diffusecolor>
      </Geom>
      <Geom type="box">
        <RotationAxis>1 0 0 90</RotationAxis>
        <extents>0.005 0.1 0.005</extents>
        <translation>0 0 0.1</translation>
        <diffusecolor>1 0 0</diffusecolor>
      </Geom>
    </Body>
  </KinBody>
  <KinBody name="destpeg">
    <RotationAxis>1 0 0 -90</RotationAxis>
    <rotationmat>0.915215  -0.041337   0.400841  -0.061351   0.968835   0.239991  -0.398269  -0.244235   0.884156   </rotationmat>
    <RotationAxis>1 0 0 90</RotationAxis>
    <translation>  -0.215596 -0.2 1.091860</translation>
    <Body type="dynamic">
      <Geom type="box">
        <RotationAxis>1 0 0 90</RotationAxis>
        <extents>0.05 0.0025 0.05</extents>
        <translation>0 0 -0.002</translation>
        <diffusecolor>1 0 0</diffusecolor>
      </Geom>
      <Geom type="box">
        <RotationAxis>1 0 0 90</RotationAxis>
        <extents>0.005 0.1 0.005</extents>
        <radius>0.01</radius>
        <height>0.2</height>
        <translation>0 0 0.1</translation>
        <diffusecolor>1 0 0</diffusecolor>
      </Geom>
    </Body>
  </KinBody>
  <KinBody name="peg">
    <translation>-0.1031490 0.2832830 1.2135080</translation>
    <RotationAxis>1 0 0 -90</RotationAxis>
    <rotationmat>0.4680360  -0.8433980   0.2638590   0.8836980   0.4481890  -0.1349240    -0.0044640   0.2963210   0.9550780</rotationmat>
    <RotationAxis>1 0 0 90</RotationAxis>
    <Body type="dynamic">
      <Geom type="box">
        <RotationAxis>1 0 0 90</RotationAxis>
        <extents>0.05 0.0025 0.05</extents>
        <translation>0 0 -0.002</translation>
        <diffusecolor>1 0 0</diffusecolor>
      </Geom>
      <Geom type="box">
        <RotationAxis>1 0 0 90</RotationAxis>
        <extents>0.005 0.1 0.005</extents>
        <translation>0 0 0.1</translation>
        <diffusecolor>1 0 0</diffusecolor>
      </Geom>
    </Body>
  </KinBody>
  <KinBody name="disk0">
    <translation>-0.005318 0 1.149549</translation>
    <RotationAxis>1 0 0 -90</RotationAxis>
    <rotationmat>0.791281 -0.521918 0.318553 0.484157 0.852996 0.194912 -0.373453 0.000000 0.927649</rotationmat>
    <RotationAxis>1 0 0 90</RotationAxis>
    <Body type="dynamic">
      <Geom type="box">
        <RotationAxis>1 0 0 90</RotationAxis>
        <extents>0.05 0.02 0.006</extents>
        <translation>0 0.045 0</translation>
        <diffusecolor>0 1 0</diffusecolor>
      </Geom>
      <Geom type="box">
        <RotationAxis>1 0 0 90</RotationAxis>
        <extents>0.05 0.02 0.006</extents>
        <translation>0 -0.045 0</translation>
        <diffusecolor>0 1 0</diffusecolor>
      </Geom>
      <Geom type="box">
        <RotationAxis>1 0 0 90</RotationAxis>
        <extents>0.006 0.02 0.05</extents>
        <translation>-0.045 0 0 </translation>
        <diffusecolor>0 1 0</diffusecolor>
      </Geom>
      <Geom type="box">
        <RotationAxis>1 0 0 90</RotationAxis>
        <extents>0.006 0.02 0.05</extents>
        <translation>0.045 0 0</translation>
        <diffusecolor>0 1 0</diffusecolor>
      </Geom>
    </Body>
  </KinBody>
  <KinBody name="disk1">
    <translation>-0.026717 0 1.184522</translation>
    <RotationAxis>1 0 0 -90</RotationAxis>
    <rotationmat>0.791281 -0.521918 0.318553 0.484157 0.852996 0.194912 -0.373453 0.000000 0.927649</rotationmat>
    <RotationAxis>1 0 0 90</RotationAxis>
    <Body type="dynamic">
      <Geom type="box">
        <RotationAxis>1 0 0 90</RotationAxis>
        <extents>0.04 0.02 0.01</extents>
        <translation>0 0.03 0</translation>
        <diffusecolor>0 0.5 0</diffusecolor>
      </Geom>
      <Geom type="box">
        <RotationAxis>1 0 0 90</RotationAxis>
        <extents>0.04 0.02 0.01</extents>
        <translation>0 -0.03 0</translation>
        <diffusecolor>0 0.5 0</diffusecolor>
      </Geom>
      <Geom type="box">
        <RotationAxis>1 0 0 90</RotationAxis>
        <extents>0.01 0.02 0.04</extents>
        <translation>-0.03 0 0 </translation>
        <diffusecolor>0 0.5 0</diffusecolor>
      </Geom>
      <Geom type="box">
        <RotationAxis>1 0 0 90</RotationAxis>
        <extents>0.01 0.02 0.04</extents>
        <translation>0.03 0 0</translation>
        <diffusecolor>0 0.5 0</diffusecolor>
      </Geom>
    </Body>
  </KinBody>
  <KinBody name="disk2">
    <translation>-0.048116 0 1.219495</translation>
    <RotationAxis>1 0 0 -90</RotationAxis>
    <rotationmat>0.791281 -0.521918 0.318553 0.484157 0.852996 0.194912 -0.373453 0.000000 0.927649</rotationmat>
    <RotationAxis>1 0 0 90</RotationAxis>
    <Body type="dynamic">
      <Geom type="box">
        <RotationAxis>1 0 0 90</RotationAxis>
        <extents>0.03 0.02 0.005</extents>
        <translation>0 0.025 0</translation>
        <diffusecolor>0 0.2 0</diffusecolor>
      </Geom>
      <Geom type="box">
        <RotationAxis>1 0 0 90</RotationAxis>
        <extents>0.03 0.02 0.005</extents>
        <translation>0 -0.025 0</translation>
        <diffusecolor>0 0.2 0</diffusecolor>
      </Geom>
      <Geom type="box">
        <RotationAxis>1 0 0 90</RotationAxis>
        <extents>0.005 0.02 0.03</extents>
        <translation>-0.025 0 0 </translation>
        <diffusecolor>0 0.2 0</diffusecolor>
      </Geom>
      <Geom type="box">
        <RotationAxis>1 0 0 90</RotationAxis>
        <extents>0.005 0.02 0.03</extents>
        <translation>0.025 0 0</translation>
        <diffusecolor>0 0.2 0</diffusecolor>
      </Geom>
    </Body>
  </KinBody>
</Environment>
