<Environment>
  <camtrans>-0.409719 1.572412 0.972962</camtrans>
  <camrotaxis>-0.993114 0.024484 -0.114569 16</camrotaxis>

  <Robot name="Puma" file="../robots/puma.robot.xml">
    <RotationAxis>0 1 0 180</RotationAxis>
    <translation>-0.8 0 0</translation>
  </Robot>

  <KinBody name="table">
    <Body type="static">
      <Geom type="box">
        <extents>0.5 0.05 1</extents>
        <translation>0 0.95 0</translation>
      </Geom>
    </Body>
  </KinBody>
    <KinBody name="floor">
    <Body type="static">
      <Translation>0 -0.015 0</Translation>
      <Geom type="box">
        <extents>2 0.005 2</extents>
        <diffuseColor>.3 1 .3</diffuseColor>
      	<ambientColor>0.3 1 0.3</ambientColor>
      </Geom>
    </Body>
  </KinBody>

  <KinBody name="srcpeg">
    <translation>0.00564 1.13164 0</translation>
    <rotationmat>0.79128  -0.52192   0.31855 0.48416   0.85300   0.19491  -0.37345   0.00000   0.92765</rotationmat>
    <Body type="dynamic">
      <Geom type="box">
        <extents>0.05 0.0025 0.05</extents>
        <translation>0 -0.002 0</translation>
        <diffusecolor>1 0 0</diffusecolor>
      </Geom>
      <Geom type="box">
        <extents>0.005 0.1 0.005</extents>
        <translation>0 0.1 0</translation>
        <diffusecolor>1 0 0</diffusecolor>
      </Geom>
    </Body>
  </KinBody>
  <KinBody name="destpeg">
    <rotationmat>0.915215  -0.041337   0.400841  -0.061351   0.968835   0.239991  -0.398269  -0.244235   0.884156   </rotationmat>
    <translation>  -0.215596 1.091860 0.200000</translation>
    <Body type="dynamic">
      <Geom type="box">
        <extents>0.05 0.0025 0.05</extents>
        <translation>0 -0.002 0</translation>
        <diffusecolor>1 0 0</diffusecolor>
      </Geom>
      <Geom type="box">
        <extents>0.005 0.1 0.005</extents>
        <radius>0.01</radius>
        <height>0.2</height>
        <translation>0 0.1 0</translation>
        <diffusecolor>1 0 0</diffusecolor>
      </Geom>
    </Body>
  </KinBody>
  <KinBody name="peg">
    <translation>-0.1031490 1.2135080 -0.2832830</translation>
    <rotationmat>0.4680360  -0.8433980   0.2638590   0.8836980   0.4481890  -0.1349240    -0.0044640   0.2963210   0.9550780</rotationmat>


    <Body type="dynamic">
      <Geom type="box">
        <extents>0.05 0.0025 0.05</extents>
        <translation>0 -0.002 0</translation>
        <diffusecolor>1 0 0</diffusecolor>
      </Geom>
      <Geom type="box">
        <extents>0.005 0.1 0.005</extents>
        <translation>0 0.1 0</translation>
        <diffusecolor>1 0 0</diffusecolor>
      </Geom>
    </Body>
  </KinBody>
  <KinBody name="disk0">
    <translation>-0.005318 1.149549 0.000000</translation>
    <rotationmat>0.791281 -0.521918 0.318553 0.484157 0.852996 0.194912 -0.373453 0.000000 0.927649</rotationmat>
    <Body type="dynamic">
      <Geom type="box">
        <extents>0.05 0.02 0.006</extents>
        <translation>0 0 -0.045 </translation>
        <diffusecolor>0 1 0</diffusecolor>
      </Geom>
      <Geom type="box">
        <extents>0.05 0.02 0.006</extents>
        <translation>0 0 0.045 </translation>
        <diffusecolor>0 1 0</diffusecolor>
      </Geom>
      <Geom type="box">
        <extents>0.006 0.02 0.05</extents>
        <translation>-0.045 0 0 </translation>
        <diffusecolor>0 1 0</diffusecolor>
      </Geom>
      <Geom type="box">
        <extents>0.006 0.02 0.05</extents>
        <translation>0.045 0 0</translation>
        <diffusecolor>0 1 0</diffusecolor>
      </Geom>
    </Body>
  </KinBody>
  <KinBody name="disk1">
    <translation>-0.026717 1.184522 0.000000</translation>
    <rotationmat>0.791281 -0.521918 0.318553 0.484157 0.852996 0.194912 -0.373453 0.000000 0.927649</rotationmat>
    <Body type="dynamic">
      <Geom type="box">
        <extents>0.04 0.02 0.01</extents>
        <translation>0 0 -0.03 </translation>
        <diffusecolor>0 0.5 0</diffusecolor>
      </Geom>
      <Geom type="box">
        <extents>0.04 0.02 0.01</extents>
        <translation>0 0 0.03 </translation>
        <diffusecolor>0 0.5 0</diffusecolor>
      </Geom>
      <Geom type="box">
        <extents>0.01 0.02 0.04</extents>
        <translation>-0.03 0 0 </translation>
        <diffusecolor>0 0.5 0</diffusecolor>
      </Geom>
      <Geom type="box">
        <extents>0.01 0.02 0.04</extents>
        <translation>0.03 0 0</translation>
        <diffusecolor>0 0.5 0</diffusecolor>
      </Geom>
    </Body>
  </KinBody>
  <KinBody name="disk2">
    <translation>-0.048116 1.219495 0.000000</translation>
    <rotationmat>0.791281 -0.521918 0.318553 0.484157 0.852996 0.194912 -0.373453 0.000000 0.927649</rotationmat>
    <Body type="dynamic">
      <Geom type="box">
        <extents>0.03 0.02 0.005</extents>
        <translation>0 0 -0.025 </translation>
        <diffusecolor>0 0.2 0</diffusecolor>
      </Geom>
      <Geom type="box">
        <extents>0.03 0.02 0.005</extents>
        <translation>0 0 0.025 </translation>
        <diffusecolor>0 0.2 0</diffusecolor>
      </Geom>
      <Geom type="box">
        <extents>0.005 0.02 0.03</extents>
        <translation>-0.025 0 0 </translation>
        <diffusecolor>0 0.2 0</diffusecolor>
      </Geom>
      <Geom type="box">
        <extents>0.005 0.02 0.03</extents>
        <translation>0.025 0 0</translation>
        <diffusecolor>0 0.2 0</diffusecolor>
      </Geom>
    </Body>
  </KinBody>
</Environment>
